# fe1_exp_067_165_photoneut_1976Gor.dat
#
# Z = 67, A =165
# No. of entries:  123
# Col 1: photon energy E in MeV
# Col 2: bin width dE in MeV
# Col 3: dipole strength f1 in MeV^-3
# Col 4: uncertainty df1 in MeV^-3
# Format: 2f10.3, 2e13.3
# Author:   1976Gor  B.I.Goryachev, Y.V.Kuznetsov, V.N.Orlin, et al.,; Yad.Fiz. 23, 1145 (1976); (Sov.J.Nucl.Phys. 23, 609(1977))
#    E         dE       f1           df1
#     8.400     0.000    0.248E-06    0.000E+00
#     8.500     0.000    0.255E-06    0.000E+00
#     8.600     0.000    0.262E-06    0.000E+00
#     8.700     0.000    0.319E-06    0.000E+00
#     8.800     0.000    0.276E-06    0.000E+00
#     8.900     0.000    0.351E-06    0.000E+00
#     9.000     0.000    0.357E-06    0.000E+00
#     9.100     0.000    0.391E-06    0.000E+00
#     9.200     0.000    0.387E-06    0.000E+00
#     9.400     0.000    0.351E-06    0.000E+00
#     9.450     0.000    0.395E-06    0.000E+00
#     9.600     0.000    0.407E-06    0.000E+00
#     9.650     0.000    0.458E-06    0.000E+00
#     9.700     0.000    0.545E-06    0.000E+00
#     9.800     0.000    0.540E-06    0.000E+00
#     9.900     0.000    0.605E-06    0.000E+00
#    10.000     0.000    0.694E-06    0.000E+00
    10.200     0.000    0.714E-06    0.340E-07
    10.250     0.000    0.745E-06    0.423E-07
    10.400     0.000    0.759E-06    0.334E-07
    10.450     0.000    0.789E-06    0.415E-07
    10.600     0.000    0.777E-06    0.327E-07
    10.650     0.000    0.880E-06    0.407E-07
    10.800     0.000    0.948E-06    0.402E-07
    10.850     0.000    0.983E-06    0.400E-07
    10.900     0.000    0.111E-05    0.398E-07
    11.100     0.000    0.109E-05    0.391E-07
    11.200     0.000    0.125E-05    0.387E-07
    11.250     0.000    0.130E-05    0.463E-07
    11.300     0.000    0.141E-05    0.461E-07
    11.400     0.000    0.145E-05    0.457E-07
    11.500     0.000    0.170E-05    0.603E-07
    11.700     0.000    0.171E-05    0.667E-07
    11.800     0.000    0.170E-05    0.588E-07
    11.850     0.000    0.182E-05    0.659E-07
    12.000     0.000    0.184E-05    0.578E-07
    12.050     0.000    0.187E-05    0.792E-07
    12.100     0.000    0.205E-05    0.645E-07
    12.200     0.000    0.196E-05    0.640E-07
    12.300     0.000    0.204E-05    0.705E-07
    12.400     0.000    0.204E-05    0.630E-07
    12.500     0.000    0.214E-05    0.833E-07
    12.600     0.000    0.201E-05    0.757E-07
    12.700     0.000    0.177E-05    0.683E-07
    12.800     0.000    0.190E-05    0.678E-07
    12.900     0.000    0.183E-05    0.605E-07
    13.000     0.000    0.187E-05    0.600E-07
    13.200     0.000    0.193E-05    0.657E-07
    13.250     0.000    0.177E-05    0.655E-07
    13.300     0.000    0.179E-05    0.652E-07
    13.400     0.000    0.176E-05    0.777E-07
    13.500     0.000    0.163E-05    0.771E-07
    13.600     0.000    0.156E-05    0.702E-07
    13.800     0.000    0.159E-05    0.817E-07
    13.850     0.000    0.167E-05    0.626E-07
    13.900     0.000    0.182E-05    0.686E-07
    14.000     0.000    0.181E-05    0.743E-07
    14.200     0.000    0.158E-05    0.794E-07
    14.300     0.000    0.156E-05    0.849E-07
    14.350     0.000    0.162E-05    0.725E-07
    14.400     0.000    0.169E-05    0.843E-07
    14.500     0.000    0.148E-05    0.837E-07
    14.600     0.000    0.174E-05    0.713E-07
    14.700     0.000    0.200E-05    0.826E-07
    14.800     0.000    0.176E-05    0.820E-07
    14.900     0.000    0.185E-05    0.873E-07
    15.000     0.000    0.179E-05    0.925E-07
    15.100     0.000    0.180E-05    0.747E-07
    15.200     0.000    0.186E-05    0.799E-07
    15.300     0.000    0.168E-05    0.850E-07
    15.400     0.000    0.167E-05    0.789E-07
    15.500     0.000    0.174E-05    0.839E-07
    15.600     0.000    0.181E-05    0.834E-07
    15.700     0.000    0.162E-05    0.829E-07
    15.800     0.000    0.177E-05    0.769E-07
    15.900     0.000    0.183E-05    0.709E-07
    16.000     0.000    0.171E-05    0.705E-07
    16.100     0.000    0.160E-05    0.700E-07
    16.200     0.000    0.177E-05    0.750E-07
    16.300     0.000    0.189E-05    0.692E-07
    16.400     0.000    0.180E-05    0.740E-07
    16.500     0.000    0.156E-05    0.736E-07
    16.600     0.000    0.161E-05    0.732E-07
    16.700     0.000    0.181E-05    0.727E-07
    16.800     0.000    0.167E-05    0.671E-07
    16.900     0.000    0.164E-05    0.667E-07
    17.000     0.000    0.144E-05    0.714E-07
    17.100     0.000    0.144E-05    0.659E-07
    17.200     0.000    0.150E-05    0.706E-07
    17.300     0.000    0.159E-05    0.652E-07
    17.400     0.000    0.150E-05    0.698E-07
    17.500     0.000    0.135E-05    0.644E-07
    17.600     0.000    0.140E-05    0.641E-07
    17.700     0.000    0.132E-05    0.588E-07
    17.800     0.000    0.135E-05    0.682E-07
    17.900     0.000    0.131E-05    0.630E-07
    18.000     0.000    0.124E-05    0.626E-07
    18.100     0.000    0.982E-06    0.671E-07
    18.200     0.000    0.107E-05    0.667E-07
    18.300     0.000    0.116E-05    0.664E-07
    18.400     0.000    0.995E-06    0.707E-07
    18.500     0.000    0.820E-06    0.750E-07
    18.600     0.000    0.849E-06    0.793E-07
    18.700     0.000    0.101E-05    0.696E-07
    18.800     0.000    0.997E-06    0.600E-07
    18.900     0.000    0.886E-06    0.597E-07
    19.000     0.000    0.831E-06    0.730E-07
    19.100     0.000    0.954E-06    0.590E-07
    19.200     0.000    0.849E-06    0.632E-07
    19.300     0.000    0.733E-06    0.629E-07
    19.400     0.000    0.648E-06    0.581E-07
    19.500     0.000    0.827E-06    0.712E-07
    19.600     0.000    0.633E-06    0.708E-07
    19.700     0.000    0.449E-06    0.748E-07
    19.800     0.000    0.600E-06    0.745E-07
    19.900     0.000    0.519E-06    0.697E-07
    20.000     0.000    0.672E-06    0.651E-07
    20.100     0.000    0.475E-06    0.777E-07
    20.200     0.000    0.382E-06    0.902E-07
    20.300     0.000    0.547E-06    0.769E-07
    20.400     0.000    0.421E-06    0.808E-07
    20.500     0.000    0.322E-06    0.762E-07
    20.600     0.000    0.366E-06    0.842E-07
